41.79544722222222,140.75535555555555
41.79555555555555,140.75529444444444
41.79823333333333,140.75615
41.798183333333334,140.7561638888889
41.79606944444444,140.75689722222222
41.796825,140.75599722222222
41.79550277777778,140.75474444444444
41.79544444444444,140.75534166666668
41.796825,140.75599722222222
41.79609722222222,140.75689722222222
41.79815277777777,140.75680555555556
41.79788333333333,140.75534166666668
41.79546111111111,140.75534166666668
41.79582222222222,140.75659166666668
41.79575,140.75435
41.795775,140.75433333333334
41.79662222222222,140.75627222222224
41.797888888888885,140.75534166666668
41.79510555555555,140.7553111111111
41.79506666666666,140.7553111111111
41.795494444444444,140.75473055555557
41.798141666666666,140.75681944444443
41.796619444444445,140.75625555555555
41.79558888888889,140.75537222222223
41.79546111111111,140.75534166666668
41.79582222222222,140.75657777777778
41.79558888888889,140.7565
41.79559722222222,140.75651666666667
